<A>
0.0 1.0 0.0 0.0 0.0 
0.0 0.6122896851407151 1.9611694521044182E-4 0.3875141979140744 4.648773024336057E-64 
0.0 1.0 2.626565468538579E-74 2.0772902364383138E-50 2.3003557739359766E-61 
0.0 1.0 0.0 0.0 0.0 
4.2759469322552045E-8 0.0 0.0 0.0 0.9999999572405307 

<B>
9.53675225901006E-7 1.9333788664840255E-42 4.6252787315033424E-39 1.9333788664840255E-42 1.1359269226594186E-36 0.28570564091571016 1.9333788664840255E-42 1.9333788664840255E-42 1.9333788664840255E-42 6.916601091559275E-40 1.9333788664840255E-42 1.9333788664840255E-42 1.9333788664840255E-42 1.9333788664840255E-42 1.9333788664840255E-42 4.9563017550250665E-37 1.9073490875599593E-6 1.9333788664840255E-42 1.9333788664840255E-42 0.015632631024346644 1.9333788664840255E-42 1.5232867438337285E-39 1.9333788664840255E-42 9.770393371582586E-4 1.455191522836768E-11 4.57763671875026E-5 0.5000000373111391 1.9333788664840255E-42 1.9333788664840255E-42 1.9333788664840255E-42 1.9333788664840255E-42 0.19568276409001986 1.9333788664840255E-42 1.9333788664840255E-42 1.9333788664840255E-42 1.9333788664840255E-42 5.356439475223866E-39 1.9333788664840255E-42 1.9333788664840255E-42 1.9333788664840255E-42 1.9333788664840255E-42 1.9333788664840255E-42 1.9333788664840255E-42 1.9333788664840255E-42 1.9333788664840255E-42 1.9333788664840255E-42 1.9333788664840255E-42 1.9333788664840255E-42 1.9333788664840255E-42 1.9333788664840255E-42 1.9333788664840255E-42 1.9333788664840255E-42 6.8096763550875446E-40 1.9333788664840255E-42 1.9333788664840255E-42 1.9333788664840255E-42 1.9333788664840255E-42 1.9333788664840255E-42 1.9333788664840255E-42 1.9333788664840255E-42 1.9333788664840255E-42 1.9333788664840255E-42 1.9333788664840255E-42 1.9333788664840255E-42 1.9333788664840255E-42 1.9333788664840255E-42 1.9333788664840255E-42 5.587935447693189E-9 1.9333788664840255E-42 1.9333788664840255E-42 1.9313484406585667E-40 1.81898940354596E-12 1.9333788664840255E-42 9.948556793357206E-39 1.9333788664840255E-42 1.9333788664840255E-42 1.9333788664840255E-42 1.9333788664840255E-42 1.9333788664840255E-42 1.9333788664840255E-42 1.9333788664840255E-42 1.9333788664840255E-42 3.2128835747649572E-37 8.862238492657909E-38 1.9333788664840255E-42 1.9333788664840255E-42 2.1258330779162257E-39 1.9333788664840255E-42 1.9333788664840255E-42 1.9333788664840255E-42 1.9333788664840255E-42 1.9333788664840255E-42 0.0019532443258186705 1.9333788664840255E-42 1.9333788664840255E-42 
2.2173205255069383E-7 1.9333788664840255E-42 0.003673227527964542 1.9333788664840255E-42 2.6473691904009874E-9 5.750461163142746E-7 1.9333788664840255E-42 1.9333788664840255E-42 1.9333788664840255E-42 6.318822218365139E-8 1.9333788664840255E-42 1.9333788664840255E-42 1.9333788664840255E-42 1.9333788664840255E-42 1.9333788664840255E-42 4.7916096735997404E-9 4.710196338390021E-4 1.9333788664840255E-42 1.9333788664840255E-42 0.38542483436278424 1.9333788664840255E-42 0.0036737500093582042 1.9333788664840255E-42 1.9333788664840255E-42 1.870407195689153E-6 1.9333788664840255E-42 8.06401917231846E-4 1.9333788664840255E-42 1.9333788664840255E-42 1.9333788664840255E-42 1.9333788664840255E-42 5.077499233852359E-12 1.9333788664840255E-42 1.9333788664840255E-42 1.9333788664840255E-42 1.9333788664840255E-42 9.48637690074384E-14 1.9333788664840255E-42 1.9333788664840255E-42 1.9333788664840255E-42 1.9333788664840255E-42 1.9333788664840255E-42 1.9333788664840255E-42 1.9333788664840255E-42 1.9333788664840255E-42 1.9333788664840255E-42 1.9333788664840255E-42 1.9333788664840255E-42 1.9333788664840255E-42 1.9333788664840255E-42 1.9333788664840255E-42 1.9333788664840255E-42 2.1805960699216355E-7 1.9333788664840255E-42 0.08822686614582032 1.9333788664840255E-42 1.9333788664840255E-42 1.9333788664840255E-42 1.9333788664840255E-42 1.9333788664840255E-42 1.9333788664840255E-42 1.9333788664840255E-42 1.9333788664840255E-42 1.9333788664840255E-42 1.9333788664840255E-42 1.9333788664840255E-42 1.9333788664840255E-42 0.22420924111111973 1.9333788664840255E-42 1.9333788664840255E-42 2.217921669991477E-16 4.165364843503294E-12 1.9333788664840255E-42 0.0186076372315994 1.9333788664840255E-42 1.9333788664840255E-42 1.9333788664840255E-42 1.9333788664840255E-42 1.9333788664840255E-42 1.9333788664840255E-42 1.9333788664840255E-42 1.9333788664840255E-42 0.01738823100178387 0.017387604953382825 1.9333788664840255E-42 1.9333788664840255E-42 1.8210207574849815E-12 1.9333788664840255E-42 1.9333788664840255E-42 1.9333788664840255E-42 1.9333788664840255E-42 1.9333788664840255E-42 0.24012823022178445 1.9333788664840255E-42 1.9333788664840255E-42 
5.508897655094496E-16 1.9333788664840255E-42 4.0161628454216365E-14 1.9333788664840255E-42 1.922955484747183E-8 2.251939861773923E-8 1.9333788664840255E-42 1.9333788664840255E-42 1.9333788664840255E-42 2.2659074916512844E-9 1.9333788664840255E-42 1.9333788664840255E-42 1.9333788664840255E-42 1.9333788664840255E-42 1.9333788664840255E-42 3.3383460348905823E-16 5.679661600909617E-10 1.9333788664840255E-42 1.9333788664840255E-42 0.2746830879752417 1.9333788664840255E-42 3.300577552478784E-17 1.9333788664840255E-42 1.9333788664840255E-42 7.479639945357593E-33 1.9333788664840255E-42 1.595832400976052E-34 1.9333788664840255E-42 1.9333788664840255E-42 1.9333788664840255E-42 1.9333788664840255E-42 9.803411233776503E-41 1.9333788664840255E-42 1.9333788664840255E-42 1.9333788664840255E-42 1.9333788664840255E-42 1.2141423962382212E-8 1.9333788664840255E-42 1.9333788664840255E-42 1.9333788664840255E-42 1.9333788664840255E-42 1.9333788664840255E-42 1.9333788664840255E-42 1.9333788664840255E-42 1.9333788664840255E-42 1.9333788664840255E-42 1.9333788664840255E-42 1.9333788664840255E-42 1.9333788664840255E-42 1.9333788664840255E-42 1.9333788664840255E-42 1.9333788664840255E-42 1.413054908607005E-19 1.9333788664840255E-42 5.52222192763979E-32 1.9333788664840255E-42 1.9333788664840255E-42 1.9333788664840255E-42 1.9333788664840255E-42 1.9333788664840255E-42 1.9333788664840255E-42 1.9333788664840255E-42 1.9333788664840255E-42 1.9333788664840255E-42 1.9333788664840255E-42 1.9333788664840255E-42 1.9333788664840255E-42 1.9651285733197823E-6 1.9333788664840255E-42 1.9333788664840255E-42 4.581694017304238E-12 1.6603306158130016E-15 1.9333788664840255E-42 0.001141413073255747 1.9333788664840255E-42 1.9333788664840255E-42 1.9333788664840255E-42 1.9333788664840255E-42 1.9333788664840255E-42 1.9333788664840255E-42 1.9333788664840255E-42 1.9333788664840255E-42 9.13764303100831E-11 0.002267707741503655 1.9333788664840255E-42 1.9333788664840255E-42 6.107672433287718E-13 1.9333788664840255E-42 1.9333788664840255E-42 1.9333788664840255E-42 1.9333788664840255E-42 1.9333788664840255E-42 0.7219057692605628 1.9333788664840255E-42 1.9333788664840255E-42 
7.591532524764471E-11 1.9333788664840255E-42 5.3966035354008007E-20 1.9333788664840255E-42 5.817940113788819E-7 6.22082883464925E-8 1.9333788664840255E-42 1.9333788664840255E-42 1.9333788664840255E-42 4.167530991038252E-7 1.9333788664840255E-42 1.9333788664840255E-42 1.9333788664840255E-42 1.9333788664840255E-42 1.9333788664840255E-42 1.1122799396485583E-23 3.2994055327526633E-12 1.9333788664840255E-42 1.9333788664840255E-42 0.23297447381711364 1.9333788664840255E-42 1.7201131443405526E-15 1.9333788664840255E-42 1.9333788664840255E-42 6.175584151373962E-35 1.9333788664840255E-42 2.873756752116445E-32 1.9333788664840255E-42 1.9333788664840255E-42 1.9333788664840255E-42 1.9333788664840255E-42 9.142965985160741E-41 1.9333788664840255E-42 1.9333788664840255E-42 1.9333788664840255E-42 1.9333788664840255E-42 1.0715854648679542E-8 1.9333788664840255E-42 1.9333788664840255E-42 1.9333788664840255E-42 1.9333788664840255E-42 1.9333788664840255E-42 1.9333788664840255E-42 1.9333788664840255E-42 1.9333788664840255E-42 1.9333788664840255E-42 1.9333788664840255E-42 1.9333788664840255E-42 1.9333788664840255E-42 1.9333788664840255E-42 1.9333788664840255E-42 1.9333788664840255E-42 6.42872090768703E-21 1.9333788664840255E-42 1.6559052748674804E-33 1.9333788664840255E-42 1.9333788664840255E-42 1.9333788664840255E-42 1.9333788664840255E-42 1.9333788664840255E-42 1.9333788664840255E-42 1.9333788664840255E-42 1.9333788664840255E-42 1.9333788664840255E-42 1.9333788664840255E-42 1.9333788664840255E-42 1.9333788664840255E-42 1.731396081868284E-7 1.9333788664840255E-42 1.9333788664840255E-42 5.331073066514484E-8 2.4900943037721635E-13 1.9333788664840255E-42 0.19619819459719298 1.9333788664840255E-42 1.9333788664840255E-42 1.9333788664840255E-42 1.9333788664840255E-42 1.9333788664840255E-42 1.9333788664840255E-42 1.9333788664840255E-42 1.9333788664840255E-42 3.439583914963825E-8 1.0983415114181884E-7 1.9333788664840255E-42 1.9333788664840255E-42 1.0314162269390968E-11 1.9333788664840255E-42 1.9333788664840255E-42 1.9333788664840255E-42 1.9333788664840255E-42 1.9333788664840255E-42 0.5708258893443312 1.9333788664840255E-42 1.9333788664840255E-42 
1.1123272277332072E-15 7.733515465936102E-42 7.59460748740627E-27 7.733515465936102E-42 7.188349803563904E-19 1.54000981042555E-21 7.733515465936102E-42 7.733515465936102E-42 7.733515465936102E-42 4.3712038190003795E-9 7.733515465936102E-42 7.733515465936102E-42 7.733515465936102E-42 7.733515465936102E-42 7.733515465936102E-42 7.338547710908919E-41 2.527975395304607E-8 7.733515465936102E-42 7.733515465936102E-42 0.6132235698350086 7.733515465936102E-42 0.004125865526159255 7.733515465936102E-42 7.733515469328803E-42 1.3729256608327218E-37 7.737308458215744E-42 6.6606748046733866E-37 7.733515465936102E-42 7.733515465936102E-42 7.733515465936102E-42 7.733515465936102E-42 3.0816203941640866E-33 7.733515465936102E-42 7.733515465936102E-42 7.733515465936102E-42 7.733515465936102E-42 5.3376422692075005E-30 7.733515465936102E-42 7.733515465936102E-42 7.733515465936102E-42 7.733515465936102E-42 7.733515465936102E-42 7.733515465936102E-42 7.733515465936102E-42 7.733515465936102E-42 7.733515465936102E-42 7.733515465936102E-42 7.733515465936102E-42 7.733515465936102E-42 7.733515465936102E-42 7.733515465936102E-42 7.733515465936102E-42 5.919983809616101E-39 7.733515465936102E-42 7.733515465936104E-42 7.733515465936102E-42 7.733515465936102E-42 7.733515465936102E-42 7.733515465936102E-42 7.733515465936102E-42 7.733515465936102E-42 7.733515465936102E-42 7.733515465936102E-42 7.733515465936102E-42 7.733515465936102E-42 7.733515465936102E-42 7.733515465936102E-42 7.793978642826141E-16 7.733515465936102E-42 7.733515465936102E-42 6.290972749576216E-38 8.176838303071435E-28 7.733515465936102E-42 6.748548187822542E-7 7.733515465936102E-42 7.733515465936102E-42 7.733515465936102E-42 7.733515465936102E-42 7.733515465936102E-42 7.733515465936102E-42 7.733515465936102E-42 7.733515465936102E-42 0.06273648257201478 4.212496903165497E-28 7.733515465936102E-42 7.733515465936102E-42 3.9165449487950295E-26 7.733515465936102E-42 7.733515465936102E-42 7.733515465936102E-42 7.733515465936102E-42 7.733515465936102E-42 0.31991337756103894 7.733515465936102E-42 7.733515465936102E-42 

<Pi>
1.0 0.0 0.0 0.0 0.0 
